[gd_scene load_steps=14 format=2]

[ext_resource path="res://interactable/InteractableGameConsole.gd" type="Script" id=1]
[ext_resource path="res://scenes/games/Menu.tscn" type="PackedScene" id=2]
[ext_resource path="res://scenes/games/ViewportManager.gd" type="Script" id=3]
[ext_resource path="res://assets/3D models/GameConsole/GameConsole.obj" type="ArrayMesh" id=4]

[sub_resource type="SpatialMaterial" id=1]
resource_name = "basecolor"
params_cull_mode = 2
albedo_color = Color( 0.006664, 0.187315, 0.527835, 1 )
metallic = 0.5

[sub_resource type="SpatialMaterial" id=2]
resource_name = "secondcolor"
params_cull_mode = 2
albedo_color = Color( 0.675246, 0.737162, 0.112894, 1 )
metallic = 0.5

[sub_resource type="SpatialMaterial" id=3]
resource_name = "screen+extra"
params_cull_mode = 2
albedo_color = Color( 0.8, 0.8, 0.8, 1 )
metallic = 0.5

[sub_resource type="SpatialMaterial" id=4]
resource_name = "buttons"
params_cull_mode = 2
albedo_color = Color( 0.32549, 0.32549, 0.32549, 1 )
metallic = 0.5

[sub_resource type="QuadMesh" id=14]
size = Vector2( 1.64, 1.42 )

[sub_resource type="BoxShape" id=16]
extents = Vector3( 1.306, 1.11, 1.137 )

[sub_resource type="SpatialMaterial" id=11]

[sub_resource type="QuadMesh" id=13]
size = Vector2( 1.6, 0.9 )

[sub_resource type="BoxShape" id=12]
extents = Vector3( 0.8, 0.464, 0.022 )

[node name="GameConsole" type="StaticBody"]
pause_mode = 2
transform = Transform( 0.4, 0, 0, 0, 0.4, 0, 0, 0, 0.4, 0, 0, 0 )
collision_layer = 7
script = ExtResource( 1 )

[node name="ConsoleMesh" type="MeshInstance" parent="."]
transform = Transform( -4.37114e-08, 0, 1, 0, 1, 0, -1, 0, -4.37114e-08, 0.2, -1, 0 )
mesh = ExtResource( 4 )
material/0 = SubResource( 1 )
material/1 = SubResource( 2 )
material/2 = SubResource( 3 )
material/3 = SubResource( 3 )
material/4 = SubResource( 3 )
material/5 = SubResource( 4 )
material/6 = SubResource( 4 )

[node name="MeshInstance2" type="MeshInstance" parent="."]
transform = Transform( -4.37114e-08, -0.331667, 0.943397, 0, 0.943397, 0.331667, -1, 1.44976e-08, -4.12372e-08, -0.319, 0.882, 0.051 )
mesh = SubResource( 14 )

[node name="CollisionShape" type="CollisionShape" parent="."]
transform = Transform( 1, 0, 0, 0, 1, 0, 0, 0, 1, 0.089, -0.981, 0.063 )
shape = SubResource( 16 )

[node name="CollisionShape2" type="CollisionShape" parent="."]
transform = Transform( 1, 0, 0, 0, 1, 0, 0, 0, 1, 0.089, 1.219, 0.063 )
shape = SubResource( 16 )

[node name="PlayerCamera" type="Tween" parent="."]

[node name="ViewportManager" type="Spatial" parent="."]
script = ExtResource( 3 )

[node name="Viewport" type="Viewport" parent="ViewportManager"]
size = Vector2( 1280, 720 )
transparent_bg = true
handle_input_locally = false
hdr = false
keep_3d_linear = true
usage = 0
render_target_v_flip = true
render_target_update_mode = 3

[node name="Menu" parent="ViewportManager/Viewport" instance=ExtResource( 2 )]

[node name="Screen" type="MeshInstance" parent="ViewportManager"]
transform = Transform( -4.37114e-08, -0.331667, 0.943397, 0, 0.943397, 0.331667, -1, 1.44976e-08, -4.12372e-08, -0.31, 0.858, 0.051 )
material_override = SubResource( 11 )
mesh = SubResource( 13 )
skeleton = NodePath("../..")

[node name="Area" type="Area" parent="ViewportManager/Screen"]

[node name="CollisionShape" type="CollisionShape" parent="ViewportManager/Screen/Area"]
transform = Transform( 1, 0, 0, 0, 1, -3.70302e-16, 0, -3.70302e-16, 1, 0, 0, 0 )
shape = SubResource( 12 )

[node name="Position3D" type="Position3D" parent="."]
transform = Transform( -3.827e-08, -0.34202, 0.939693, -1.49502e-08, 0.939693, 0.34202, -1, -9.59469e-10, -4.10753e-08, 0.7, 1.3, 0 )

[node name="RotationPos" type="Position3D" parent="."]
transform = Transform( -4.37114e-08, 0, 1, 0, 1, 0, -1, 0, -4.37114e-08, 2, 0, 0 )

[connection signal="tween_completed" from="PlayerCamera" to="." method="_on_PlayerCamera_tween_completed"]
